fuel flow: 6.01325	
TET: 1066.08	
Load: 1435.83

CO2: 1.35473	
NOx: 0.0123977	
Eff: 36.2376

